0.0000000000000000
0.5877852522924731
0.9510565162951535
0.9510565162951536
0.5877852522924733
-0.0000000000000003
-0.5877852522924730
-0.9510565162951538
-0.9510565162951536
-0.5877852522924734
0.0000000000000006
0.5877852522924729
0.9510565162951535
0.9510565162951536
0.5877852522924719
0.0000000000000004
-0.5877852522924728
-0.9510565162951540
-0.9510565162951538
-0.5877852522924735
0.0000000000000013
0.5877852522924727
0.9510565162951534
0.9510565162951532
0.5877852522924736
0.0000000000000006
-0.5877852522924726
-0.9510565162951544
-0.9510565162951526
-0.5877852522924737
-0.0000000000000007
0.5877852522924725
0.9510565162951533
0.9510565162951528
0.5877852522924709
-0.0000000000000027
-0.5877852522924725
-0.9510565162951533
-0.9510565162951539
-0.5877852522924710
0.0000000000000026
0.5877852522924751
0.9510565162951533
0.9510565162951539
0.5877852522924740
-0.0000000000000025
-0.5877852522924751
-0.9510565162951543
-0.9510565162951540
-0.5877852522924741
-0.0000000000000012
0.5877852522924750
0.9510565162951532
0.9510565162951529
0.5877852522924685
-0.0000000000000022
-0.5877852522924778
-0.9510565162951542
-0.9510565162951540
-0.5877852522924771
-0.0000000000000015
0.5877852522924748
0.9510565162951531
0.9510565162951530
0.5877852522924744
-0.0000000000000020
-0.5877852522924776
-0.9510565162951542
-0.9510565162951519
-0.5877852522924716
0.0000000000000054
0.5877852522924688
0.9510565162951530
0.9510565162951530
0.5877852522924746
-0.0000000000000017
-0.5877852522924716
-0.9510565162951541
-0.9510565162951520
-0.5877852522924718
0.0000000000000051
0.5877852522924744
0.9510565162951552
0.9510565162951531
0.5877852522924748
-0.0000000000000015
-0.5877852522924715
-0.9510565162951540
-0.9510565162951542
-0.5877852522924720
0.0000000000000049
0.5877852522924743
0.9510565162951551
0.9510565162951532
0.5877852522924693
-0.0000000000000012
-0.5877852522924713
-0.9510565162951540
-0.9510565162951543
-0.5877852522924723
-0.0000000000000024
0.5877852522924740
0.9510565162951550
0.9510565162951511
0.5877852522924751
-0.0000000000000010
-0.5877852522924768
-0.9510565162951516
-0.9510565162951500
-0.5877852522924724
0.0000000000000044
0.5877852522924680
0.9510565162951571
0.9510565162951533
0.5877852522924696
-0.0000000000000078
-0.5877852522924708
-0.9510565162951538
-0.9510565162951566
-0.5877852522924669
-0.0000000000000029
0.5877852522924736
0.9510565162951549
0.9510565162951512
0.5877852522924756
-0.0000000000000147
-0.5877852522924764
-0.9510565162951559
-0.9510565162951545
-0.5877852522924728
0.0000000000000039
0.5877852522924677
0.9510565162951570
0.9510565162951535
0.5877852522924700
0.0000000000000069
-0.5877852522924819
-0.9510565162951536
-0.9510565162951524
-0.5877852522924673
0.0000000000000108
0.5877852522924733
0.9510565162951503
0.9510565162951513
0.5877852522924760
-0.0000000000000000
-0.5877852522924760
-0.9510565162951558
-0.9510565162951546
-0.5877852522924617
0.0000000000000034
0.5877852522924788
0.9510565162951524
0.9510565162951492
0.5877852522924705
0.0000000000000073
-0.5877852522924816
-0.9510565162951535
-0.9510565162951525
-0.5877852522924791
0.0000000000000103
0.5877852522924728
0.9510565162951545
0.9510565162951515
0.5877852522924649
0.0000000000000005
-0.5877852522924756
-0.9510565162951556
-0.9510565162951549
-0.5877852522924736
0.0000000000000029
0.5877852522924784
0.9510565162951523
0.9510565162951494
0.5877852522924708
-0.0000000000000064
-0.5877852522924697
-0.9510565162951578
-0.9510565162951528
-0.5877852522924680
0.0000000000000098
0.5877852522924725
0.9510565162951544
0.9510565162951561
0.5877852522924653
0.0000000000000010
-0.5877852522924753
-0.9510565162951554
-0.9510565162951506
-0.5877852522924740
0.0000000000000025
0.5877852522924780
0.9510565162951521
0.9510565162951540
0.5877852522924713
-0.0000000000000059
-0.5877852522924693
-0.9510565162951575
-0.9510565162951529
-0.5877852522924685
-0.0000000000000049
0.5877852522924835
0.9510565162951542
0.9510565162951519
0.5877852522924657
0.0000000000000157
-0.5877852522924862
-0.9510565162951509
-0.9510565162951552
-0.5877852522924744
0.0000000000000020
0.5877852522924776
0.9510565162951563
0.9510565162951497
0.5877852522924831
-0.0000000000000196
-0.5877852522924918
-0.9510565162951530
-0.9510565162951530
-0.5877852522924918
0.0000000000000088
0.5877852522924831
0.9510565162951497
0.9510565162951563
0.5877852522924546
0.0000000000000020
-0.5877852522924744
-0.9510565162951552
-0.9510565162951509
-0.5877852522924633
0.0000000000000157
0.5877852522924657
0.9510565162951519
0.9510565162951454
0.5877852522924720
-0.0000000000000049
-0.5877852522924569
-0.9510565162951573
-0.9510565162951488
-0.5877852522924807
-0.0000000000000059
0.5877852522924942
0.9510565162951540
0.9510565162951521
0.5877852522924665
0.0000000000000167
-0.5877852522924855
-0.9510565162951594
-0.9510565162951554
-0.5877852522924751
0.0000000000000294
0.5877852522924768
0.9510565162951561
0.9510565162951588
0.5877852522924609
-0.0000000000000186
-0.5877852522924680
-0.9510565162951528
-0.9510565162951533
-0.5877852522924696
0.0000000000000078
0.5877852522924824
0.9510565162951494
0.9510565162951479
0.5877852522924554
0.0000000000000029
-0.5877852522924736
-0.9510565162951549
-0.9510565162951512
-0.5877852522924640
-0.0000000000000137
0.5877852522924649
0.9510565162951603
0.9510565162951545
0.5877852522924728
-0.0000000000000039
-0.5877852522924791
-0.9510565162951570
-0.9510565162951491
-0.5877852522924816
0.0000000000000216
0.5877852522924935
0.9510565162951536
0.9510565162951524
0.5877852522924902
-0.0000000000000108
-0.5877852522924847
-0.9510565162951503
-0.9510565162951558
-0.5877852522924530
0.0000000000000000
0.5877852522924760
0.9510565162951558
0.9510565162951503
0.5877852522924617
-0.0000000000000176
-0.5877852522924673
-0.9510565162951524
-0.9510565162951449
-0.5877852522924705
0.0000000000000069
0.5877852522924586
0.9510565162951579
0.9510565162951482
0.5877852522924791
0.0000000000000039
-0.5877852522924958
-0.9510565162951545
-0.9510565162951515
-0.5877852522924649
-0.0000000000000147
0.5877852522924871
0.9510565162951600
0.9510565162951549
0.5877852522924736
-0.0000000000000029
-0.5877852522924784
-0.9510565162951566
-0.9510565162951582
-0.5877852522924594
0.0000000000000206
0.5877852522924697
0.9510565162951533
0.9510565162951528
0.5877852522924680
-0.0000000000000098
-0.5877852522924839
-0.9510565162951500
-0.9510565162951473
-0.5877852522924538
-0.0000000000000010
0.5877852522924753
0.9510565162951554
0.9510565162951506
0.5877852522924625
0.0000000000000118
-0.5877852522924665
-0.9510565162951609
-0.9510565162951540
-0.5877852522924713
0.0000000000000059
0.5877852522924808
0.9510565162951575
0.9510565162951485
0.5877852522924799
-0.0000000000000235
-0.5877852522924950
-0.9510565162951542
-0.9510565162951519
-0.5877852522924887
0.0000000000000127
0.5877852522924864
0.9510565162951509
0.9510565162951552
0.5877852522924514
-0.0000000000000020
-0.5877852522924776
-0.9510565162951563
-0.9510565162951497
-0.5877852522924602
0.0000000000000196
0.5877852522924688
0.9510565162951530
0.9510565162951442
0.5877852522924688
-0.0000000000000088
-0.5877852522924602
-0.9510565162951585
-0.9510565162951475
-0.5877852522924776
-0.0000000000000020
0.5877852522924973
0.9510565162951552
0.9510565162951509
0.5877852522924633
0.0000000000000127
-0.5877852522924887
-0.9510565162951606
-0.9510565162951542
-0.5877852522924720
0.0000000000000049
0.5877852522924799
0.9510565162951573
0.9510565162951575
0.5877852522924807
-0.0000000000000225
-0.5877852522924713
-0.9510565162951540
-0.9510565162951521
-0.5877852522924665
0.0000000000000118
0.5877852522924855
0.9510565162951506
0.9510565162951467
0.5877852522924522
-0.0000000000000010
-0.5877852522924768
-0.9510565162951473
-0.9510565162951500
-0.5877852522924609
-0.0000000000000098
0.5877852522924680
0.9510565162951615
0.9510565162951533
0.5877852522924696
-0.0000000000000078
-0.5877852522924824
-0.9510565162951582
-0.9510565162951479
-0.5877852522924784
-0.0000000000000314
0.5877852522924736
0.9510565162951636
0.9510565162951512
0.5877852522924871
-0.0000000000000147
-0.5877852522924649
-0.9510565162951603
-0.9510565162951545
-0.5877852522924498
0.0000000000000039
0.5877852522924562
0.9510565162951570
0.9510565162951579
0.5877852522924585
0.0000000000000069
-0.5877852522924935
-0.9510565162951536
-0.9510565162951612
-0.5877852522924673
0.0000000000000392
0.5877852522924847
0.9510565162951679
0.9510565162951645
0.5877852522924760
-0.0000000000000284
-0.5877852522924760
-0.9510565162951645
-0.9510565162951679
-0.5877852522924847
0.0000000000000176
0.5877852522924673
0.9510565162951612
0.9510565162951361
0.5877852522924935
-0.0000000000000069
-0.5877852522924586
-0.9510565162951579
-0.9510565162951394
-0.5877852522924562
-0.0000000000000039
0.5877852522924498
0.9510565162951545
0.9510565162951428
0.5877852522924649
0.0000000000000147
-0.5877852522924871
-0.9510565162951512
-0.9510565162951461
-0.5877852522924736
0.0000000000000314
0.5877852522924784
0.9510565162951479
0.9510565162951494
0.5877852522924824
-0.0000000000000206
-0.5877852522925157
-0.9510565162951445
-0.9510565162951528
-0.5877852522924451
0.0000000000000098
0.5877852522925069
0.9510565162951412
0.9510565162951561
0.5877852522924538
0.0000000000000010
-0.5877852522924982
-0.9510565162951554
-0.9510565162951594
-0.5877852522924625
-0.0000000000000118
0.5877852522924895
0.9510565162951697
0.9510565162951452
0.5877852522924713
0.0000000000000225
-0.5877852522924808
-0.9510565162951663
-0.9510565162951485
-0.5877852522924799
-0.0000000000000333
0.5877852522924720
0.9510565162951630
0.9510565162951519
0.5877852522924427
-0.0000000000000127
-0.5877852522924633
-0.9510565162951596
-0.9510565162951552
-0.5877852522924514
0.0000000000000588
0.5877852522924546
0.9510565162951563
0.9510565162951585
0.5877852522924602
-0.0000000000000480
-0.5877852522924458
-0.9510565162951530
-0.9510565162951442
-0.5877852522924688
0.0000000000000372
0.5877852522924831
0.9510565162951497
0.9510565162951475
0.5877852522924776
-0.0000000000000265
-0.5877852522924744
-0.9510565162951463
-0.9510565162951509
-0.5877852522924862
0.0000000000000157
0.5877852522925117
0.9510565162951606
0.9510565162951542
0.5877852522924950
-0.0000000000000049
-0.5877852522925029
-0.9510565162951573
-0.9510565162951400
-0.5877852522925038
-0.0000000000000059
0.5877852522924942
0.9510565162951540
0.9510565162951433
0.5877852522924665
0.0000000000000167
-0.5877852522924855
-0.9510565162951506
-0.9510565162951467
-0.5877852522924292
-0.0000000000000274
0.5877852522924768
0.9510565162951473
0.9510565162951500
0.5877852522924379
-0.0000000000000186
-0.5877852522924680
-0.9510565162951615
-0.9510565162951533
-0.5877852522924466
0.0000000000000078
0.5877852522924594
0.9510565162951582
0.9510565162951566
0.5877852522924554
0.0000000000000029
-0.5877852522924966
-0.9510565162951549
-0.9510565162951600
-0.5877852522924640
0.0000000000000431
0.5877852522924879
0.9510565162951691
0.9510565162951633
0.5877852522924728
-0.0000000000000323
-0.5877852522924791
-0.9510565162951657
-0.9510565162951666
-0.5877852522924816
0.0000000000000216
0.5877852522924705
0.9510565162951624
0.9510565162951349
0.5877852522924902
-0.0000000000000108
-0.5877852522924617
-0.9510565162951591
-0.9510565162951382
-0.5877852522924529
0.0000000000000000
0.5877852522924530
0.9510565162951558
0.9510565162951415
0.5877852522924617
0.0000000000000108
-0.5877852522924902
-0.9510565162951524
-0.9510565162951449
-0.5877852522924705
0.0000000000000353
0.5877852522924816
0.9510565162951491
0.9510565162951482
0.5877852522924791
-0.0000000000000245
-0.5877852522925188
-0.9510565162951458
-0.9510565162951515
-0.5877852522924419
0.0000000000000137
0.5877852522925101
0.9510565162951424
0.9510565162951549
0.5877852522924506
-0.0000000000000029
-0.5877852522925013
-0.9510565162951566
-0.9510565162951582
-0.5877852522924594
-0.0000000000000078
0.5877852522924927
0.9510565162951709
0.9510565162951615
0.5877852522924680
0.0000000000000186
-0.5877852522924839
-0.9510565162951675
-0.9510565162951473
-0.5877852522924768
-0.0000000000000294
0.5877852522924753
0.9510565162951642
0.9510565162951506
0.5877852522924395
-0.0000000000000167
-0.5877852522924665
-0.9510565162951609
-0.9510565162951540
-0.5877852522924483
0.0000000000000059
0.5877852522924577
0.9510565162951575
0.9510565162951573
0.5877852522924569
-0.0000000000000519
-0.5877852522924491
-0.9510565162951542
-0.9510565162951430
-0.5877852522924657
0.0000000000000412
0.5877852522924864
0.9510565162951509
0.9510565162951463
0.5877852522924744
-0.0000000000000304
-0.5877852522924776
-0.9510565162951475
-0.9510565162951497
-0.5877852522924831
0.0000000000000196
0.5877852522925149
0.9510565162951619
0.9510565162951530
0.5877852522924918
-0.0000000000000088
-0.5877852522925061
-0.9510565162951585
-0.9510565162951388
-0.5877852522925006
-0.0000000000000020
0.5877852522924975
0.9510565162951552
0.9510565162951421
0.5877852522924633
0.0000000000000127
-0.5877852522924887
-0.9510565162951519
-0.9510565162951454
-0.5877852522924261
-0.0000000000000235
0.5877852522924799
0.9510565162951485
0.9510565162951488
0.5877852522924347
-0.0000000000000225
-0.5877852522924713
-0.9510565162951628
-0.9510565162951521
-0.5877852522924435
0.0000000000000118
0.5877852522924625
0.9510565162951594
0.9510565162951554
0.5877852522924522
-0.0000000000000010
-0.5877852522924998
-0.9510565162951561
-0.9510565162951588
-0.5877852522924609
0.0000000000000470
0.5877852522924910
0.9510565162951703
0.9510565162951621
0.5877852522924696
-0.0000000000000363
-0.5877852522924824
-0.9510565162951670
-0.9510565162951654
-0.5877852522924784
0.0000000000000255
0.5877852522924736
0.9510565162951636
0.9510565162951337
0.5877852522924871
-0.0000000000000147
-0.5877852522924649
-0.9510565162951603
-0.9510565162951370
-0.5877852522924958
0.0000000000000039
0.5877852522924562
0.9510565162951570
0.9510565162951403
0.5877852522924585
0.0000000000000069
-0.5877852522924935
-0.9510565162951536
-0.9510565162951437
-0.5877852522924673
0.0000000000000392
0.5877852522924847
0.9510565162951503
0.9510565162951470
0.5877852522924760
-0.0000000000000284
-0.5877852522925220
-0.9510565162951470
-0.9510565162951503
-0.5877852522924387
0.0000000000000176
0.5877852522925132
0.9510565162951437
0.9510565162951536
0.5877852522924474
-0.0000000000000069
-0.5877852522925046
-0.9510565162951579
-0.9510565162951570
-0.5877852522924562
-0.0000000000000039
0.5877852522924958
0.9510565162951721
0.9510565162951603
0.5877852522924649
0.0000000000000147
-0.5877852522924871
-0.9510565162951687
-0.9510565162951461
-0.5877852522924736
-0.0000000000000255
0.5877852522924784
0.9510565162951654
0.9510565162951494
0.5877852522924364
-0.0000000000000206
-0.5877852522924697
-0.9510565162951621
-0.9510565162951528
-0.5877852522924451
0.0000000000000098
0.5877852522924609
0.9510565162951588
0.9510565162951561
0.5877852522924538
-0.0000000000000559
-0.5877852522924522
-0.9510565162951554
-0.9510565162951594
-0.5877852522924625
0.0000000000000451
0.5877852522924895
0.9510565162951521
0.9510565162951452
0.5877852522924713
-0.0000000000000343
-0.5877852522924808
-0.9510565162951488
-0.9510565162951485
-0.5877852522924799
0.0000000000000235
0.5877852522924720
0.9510565162951630
0.9510565162951519
0.5877852522924887
-0.0000000000000127
-0.5877852522925093
-0.9510565162951596
-0.9510565162951375
-0.5877852522924973
0.0000000000000020
0.5877852522925006
0.9510565162951563
0.9510565162951409
0.5877852522925061
0.0000000000000088
-0.5877852522924919
-0.9510565162951530
-0.9510565162951442
-0.5877852522924228
-0.0000000000000196
0.5877852522924831
0.9510565162951497
0.9510565162951475
0.5877852522924316
-0.0000000000000265
-0.5877852522924744
-0.9510565162951463
-0.9510565162951509
-0.5877852522924403
0.0000000000000157
0.5877852522924657
0.9510565162951606
0.9510565162951542
0.5877852522924491
0.0000000000000519
-0.5877852522925030
-0.9510565162951573
-0.9510565162951575
-0.5877852522924117
-0.0000000000000627
0.5877852522924942
0.9510565162951540
0.9510565162951609
0.5877852522924205
-0.0000000000000402
-0.5877852522924855
-0.9510565162951506
-0.9510565162951642
-0.5877852522924292
0.0000000000000294
0.5877852522924768
0.9510565162951473
0.9510565162951675
0.5877852522924379
-0.0000000000000186
-0.5877852522924680
-0.9510565162951440
-0.9510565162951358
-0.5877852522924466
0.0000000000000078
0.5877852522924594
0.9510565162951407
0.9510565162951391
0.5877852522924554
0.0000000000000029
-0.5877852522924506
-0.9510565162951724
-0.9510565162951424
-0.5877852522924640
-0.0000000000000137
0.5877852522924419
0.9510565162951691
0.9510565162951458
0.5877852522924728
-0.0000000000000892
-0.5877852522924332
-0.9510565162951657
-0.9510565162951491
-0.5877852522924816
0.0000000000000784
0.5877852522924244
0.9510565162951624
0.9510565162951524
0.5877852522923983
-0.0000000000000676
-0.5877852522924157
-0.9510565162951591
-0.9510565162951558
-0.5877852522924070
0.0000000000000569
0.5877852522924070
0.9510565162951558
0.9510565162951591
0.5877852522924157
-0.0000000000000461
-0.5877852522923983
-0.9510565162951524
-0.9510565162951624
-0.5877852522924244
0.0000000000000353
0.5877852522925735
0.9510565162951491
0.9510565162951657
0.5877852522924332
-0.0000000000000245
-0.5877852522925648
-0.9510565162951458
-0.9510565162951691
-0.5877852522924418
0.0000000000000137
0.5877852522925561
0.9510565162951424
0.9510565162951724
0.5877852522924506
-0.0000000000000029
-0.5877852522925473
-0.9510565162951391
-0.9510565162951407
-0.5877852522924594
-0.0000000000000078
0.5877852522925386
0.9510565162951358
0.9510565162951440
0.5877852522924680
0.0000000000000186
-0.5877852522925299
-0.9510565162951675
-0.9510565162951473
-0.5877852522924768
-0.0000000000000294
0.5877852522925212
0.9510565162951642
0.9510565162951506
0.5877852522924855
-0.0000000000000735
-0.5877852522925124
-0.9510565162951609
-0.9510565162951540
-0.5877852522924942
0.0000000000000627
0.5877852522925038
0.9510565162951575
0.9510565162951573
0.5877852522925029
-0.0000000000000520
-0.5877852522924950
-0.9510565162951542
-0.9510565162951606
-0.5877852522925117
0.0000000000000412
0.5877852522924864
0.9510565162951861
0.9510565162951288
0.5877852522925204
-0.0000000000000304
-0.5877852522924776
-0.9510565162951827
-0.9510565162951321
-0.5877852522925291
0.0000000000000196
0.5877852522924688
0.9510565162951794
0.9510565162951354
0.5877852522925379
-0.0000000000000088
-0.5877852522924602
-0.9510565162951761
-0.9510565162951388
-0.5877852522924546
-0.0000000000000020
0.5877852522924514
0.9510565162951727
0.9510565162951421
0.5877852522924633
0.0000000000000127
-0.5877852522924427
-0.9510565162951694
-0.9510565162951454
-0.5877852522923800
-0.0000000000000235
0.5877852522924340
0.9510565162951661
0.9510565162951488
0.5877852522923888
0.0000000000000343
-0.5877852522925172
-0.9510565162951628
-0.9510565162951521
-0.5877852522923975
-0.0000000000000451
0.5877852522925086
0.9510565162951594
0.9510565162951554
0.5877852522924062
0.0000000000000559
-0.5877852522924998
-0.9510565162951561
-0.9510565162951588
-0.5877852522924150
-0.0000000000000666
0.5877852522924910
0.9510565162951528
0.9510565162951270
0.5877852522924236
-0.0000000000000363
-0.5877852522924824
-0.9510565162951494
-0.9510565162951303
-0.5877852522924324
0.0000000000000255
0.5877852522924736
0.9510565162951461
0.9510565162951337
0.5877852522924411
-0.0000000000000147
-0.5877852522924649
-0.9510565162951428
-0.9510565162951370
-0.5877852522924498
